random_dem_500x500.asc
ncols         500
nrows         500
xllcorner     0.0
yllcorner     0.0
cellsize      30
NODATA_value  -9999
[rows 256 to 287 of 500, columns 426 to 496 of 500]
670.72 681.98 658.68 676.17 686.11 680.20 649.12 657.39 637.04 662.17 655.63 687.64 688.57 680.07 705.94 685.38 720.92 715.66 713.99 723.02 713.16 713.90 742.40 705.04 690.47 705.46 703.60 693.83 731.43 715.25 672.83 706.71 709.59 719.08 717.63 733.74 737.41 731.74 715.61 729.05 731.05 735.75 717.60 700.61 694.80 666.30 667.46 668.53 665.57 658.18 652.34 634.99 637.60 634.96 661.95 635.85 656.37 651.33 669.22 658.83 656.04 661.73 648.34 642.60 641.53 639.43 649.60 635.30 649.72 652.33 656.00
675.49 677.02 682.28 704.26 688.77 681.17 658.44 672.36 682.45 676.75 643.31 659.78 670.64 683.80 696.22 714.65 689.24 707.48 696.68 743.01 715.94 721.52 718.86 721.60 707.72 707.30 701.91 719.72 718.17 693.01 717.67 719.16 728.51 735.06 740.61 737.92 717.80 727.23 731.17 744.62 744.81 732.02 731.53 711.46 689.82 678.12 667.29 675.54 651.67 678.60 675.28 658.81 658.25 636.95 648.57 664.20 674.12 660.28 666.09 652.37 651.45 647.66 660.12 663.16 639.14 633.62 618.69 657.56 648.23 656.79 661.74
698.82 683.26 700.51 683.61 670.97 682.49 655.45 656.76 683.82 666.58 666.12 685.80 689.75 700.67 689.68 707.94 713.15 731.00 745.00 732.34 726.80 731.16 716.79 720.60 711.91 718.24 708.78 712.68 702.87 731.38 717.13 732.28 720.82 727.66 738.79 745.11 742.26 733.23 725.89 753.87 730.73 739.92 713.73 694.41 711.31 701.91 691.28 695.20 663.83 669.30 667.10 686.03 654.55 647.37 686.66 660.68 673.99 668.42 668.34 667.47 643.52 673.14 640.65 664.18 635.68 648.60 615.42 646.53 656.30 631.75 662.61
697.64 695.60 704.09 672.62 699.50 679.12 665.24 693.28 664.64 671.88 688.72 674.89 706.13 695.80 707.76 710.50 712.22 723.11 726.02 730.43 738.55 720.86 730.30 727.55 727.67 740.32 696.33 734.42 722.30 728.48 714.35 732.63 722.64 726.96 748.15 746.05 747.62 773.58 750.35 736.88 755.70 732.79 732.20 714.06 706.25 691.45 672.58 672.60 669.52 671.81 684.49 655.89 675.14 663.95 680.09 679.24 670.91 663.71 673.21 674.66 674.54 665.50 652.57 660.73 660.17 666.68 689.17 640.59 648.68 641.87 664.12
682.84 707.30 693.43 680.22 681.50 685.02 689.01 680.20 697.98 670.79 694.72 665.53 698.04 709.23 693.96 690.47 735.86 709.67 735.72 734.53 716.84 752.91 726.33 732.66 702.71 738.09 742.98 749.25 728.39 730.93 734.77 730.75 735.70 729.82 747.52 753.23 753.92 759.13 759.96 753.55 733.98 748.10 733.25 723.36 704.31 688.00 688.86 680.33 664.07 679.93 662.98 687.08 669.07 667.74 670.46 656.87 661.83 688.23 683.01 666.76 663.16 664.35 658.99 679.28 672.98 650.64 671.14 662.11 667.52 669.87 683.40
690.23 697.23 696.45 720.13 683.56 684.27 701.63 680.45 680.79 709.12 702.84 692.40 715.95 711.72 699.55 736.51 717.41 715.91 758.57 716.58 726.12 747.12 735.98 753.08 747.11 735.85 764.50 761.62 730.70 742.60 746.49 730.74 740.44 759.26 757.16 735.07 762.63 775.54 751.89 769.67 762.24 753.06 756.19 728.86 742.48 722.54 723.40 701.88 673.92 675.14 687.26 671.39 673.58 665.19 686.16 689.15 682.01 690.90 675.75 674.49 664.86 665.56 681.23 664.89 661.24 654.16 695.28 657.90 660.89 664.69 687.95
688.20 696.94 725.54 700.26 694.67 718.80 716.57 682.80 699.97 678.11 682.39 681.70 679.22 716.27 716.52 731.51 740.42 740.33 757.29 744.20 742.87 746.60 727.32 749.32 744.93 745.99 737.77 745.33 737.69 764.26 734.13 762.85 752.34 763.08 738.29 754.07 771.72 796.39 788.49 796.61 770.09 748.99 739.79 732.48 728.49 715.53 723.69 688.36 697.37 693.04 684.30 659.15 688.94 679.83 687.80 674.08 682.46 675.84 691.08 685.47 684.40 694.70 667.16 679.61 668.40 656.05 665.43 663.76 679.75 670.56 692.24
711.89 711.80 728.31 709.37 728.43 691.53 712.18 716.66 713.45 703.56 698.43 727.75 706.59 710.99 743.65 752.99 749.71 746.17 748.34 771.50 754.81 751.29 771.90 755.98 748.62 743.52 775.45 745.29 766.12 744.77 773.51 767.73 769.93 790.84 774.30 767.97 767.52 770.13 787.45 761.84 757.19 767.73 754.49 731.40 731.19 748.32 705.73 723.57 721.38 711.85 722.15 719.89 704.92 703.12 705.36 686.56 705.78 706.70 700.21 723.81 701.07 686.94 692.82 695.76 676.58 666.65 677.37 682.32 678.50 690.83 692.93
735.15 742.77 719.72 727.18 736.09 719.77 718.16 713.21 721.39 711.93 726.66 713.90 710.33 731.61 740.65 749.96 738.58 764.18 772.94 759.19 780.67 766.92 770.01 776.98 751.74 760.66 795.44 747.09 762.97 768.49 767.49 764.78 773.94 761.49 793.30 789.19 777.71 789.43 776.92 787.05 807.84 769.82 749.69 753.44 763.99 727.13 720.69 745.64 721.30 717.73 719.43 709.40 691.37 712.33 709.83 701.57 707.26 717.78 712.24 714.32 694.30 714.15 699.15 701.11 662.83 683.65 686.38 672.46 703.10 669.25 691.28
741.70 725.70 737.87 725.80 734.62 700.74 700.05 737.44 735.59 701.79 726.53 723.57 735.33 733.81 735.85 756.35 764.97 766.33 781.18 777.26 793.05 788.17 770.34 788.85 790.84 776.41 732.43 768.14 773.11 767.52 776.12 800.21 775.62 782.96 782.49 791.11 804.88 810.52 797.95 798.74 809.90 780.64 770.15 791.44 770.47 768.73 727.90 732.42 731.12 739.81 724.96 721.91 702.00 712.56 715.67 715.84 738.29 734.73 722.68 682.10 683.02 702.63 720.64 704.33 730.91 698.84 697.06 698.78 694.79 703.74 705.77
766.33 769.48 761.88 759.14 742.59 741.91 730.96 757.00 740.30 733.53 755.75 733.20 719.52 773.48 747.54 769.79 770.66 762.50 799.44 783.64 803.86 783.82 803.43 789.77 788.63 770.95 785.33 808.04 769.37 779.57 802.40 794.49 813.52 789.94 807.41 810.30 809.19 813.32 800.15 810.04 797.84 807.60 798.52 806.68 768.61 757.46 770.18 750.65 739.25 712.20 721.74 705.89 733.26 708.38 731.17 743.37 728.71 710.41 734.97 726.17 730.84 721.39 706.28 703.84 699.65 719.55 726.61 729.84 705.65 706.83 714.89
737.77 736.75 787.79 752.19 766.94 754.10 750.43 745.39 741.13 774.04 740.01 744.02 770.92 760.88 762.97 788.63 792.29 789.38 823.57 777.28 809.47 790.26 802.18 815.91 809.96 802.72 784.98 793.70 788.79 821.32 805.15 818.06 819.61 800.88 820.60 797.50 819.68 832.96 825.27 842.64 811.22 806.90 803.64 799.46 792.55 770.15 778.48 766.05 770.04 760.10 738.75 722.21 751.80 729.16 734.72 741.23 732.30 757.90 739.00 765.87 737.15 736.57 738.89 732.82 712.03 729.88 714.05 730.76 737.49 711.34 736.62
779.01 794.75 741.20 778.75 776.21 759.14 762.91 733.99 772.60 764.93 768.53 758.51 769.70 793.05 777.33 765.36 786.95 819.05 790.17 810.51 819.49 809.36 840.21 822.47 825.25 814.15 838.38 806.95 807.52 843.21 817.43 805.25 806.11 816.00 857.94 820.21 841.24 825.84 840.38 842.07 828.30 838.79 818.57 796.77 797.46 804.04 769.22 760.36 764.68 768.85 769.22 752.94 740.94 756.13 759.00 763.37 752.67 768.95 760.50 758.30 738.80 779.12 732.02 773.07 748.56 747.06 745.05 734.42 729.56 727.98 741.93
793.82 794.76 778.74 766.35 781.17 793.54 778.05 770.09 782.60 773.35 777.34 770.62 793.62 821.82 785.33 821.90 838.35 818.20 838.03 838.27 819.44 830.33 834.37 823.90 834.07 832.73 833.43 819.09 800.42 856.83 840.14 830.02 843.32 825.34 830.39 826.20 847.41 852.86 844.20 858.98 859.22 838.02 848.01 810.72 827.91 779.42 799.24 790.13 797.20 789.42 763.83 759.88 770.23 777.21 777.68 776.25 770.56 760.18 771.56 777.00 768.52 780.26 742.20 757.46 763.19 743.43 753.18 758.99 744.95 744.72 793.96
804.61 796.08 817.52 813.46 791.65 813.63 791.27 777.94 793.36 776.14 751.16 796.30 810.46 814.83 812.06 806.77 837.64 831.49 836.41 833.45 857.27 849.55 846.19 865.91 858.68 851.21 831.95 835.19 841.41 819.65 838.15 843.11 848.83 842.12 863.53 862.34 874.37 857.09 838.90 867.06 849.94 854.09 856.51 847.41 834.40 825.26 804.96 808.43 770.68 803.38 787.74 760.32 767.23 767.95 792.00 776.54 788.05 787.03 765.46 760.31 785.20 767.91 777.96 798.77 770.66 761.01 755.58 756.13 757.40 758.81 754.61
821.72 828.71 824.42 820.27 797.19 797.89 811.01 797.49 807.09 809.82 795.81 811.32 826.26 830.08 814.96 847.60 838.53 829.76 830.02 867.72 844.47 878.72 852.44 843.25 829.77 843.85 867.25 862.75 870.27 857.88 836.30 865.26 858.83 859.34 885.72 851.56 859.88 877.85 876.01 876.77 882.64 868.00 844.25 840.54 814.31 817.71 837.63 810.50 819.63 782.99 809.86 801.58 783.29 784.83 804.59 801.06 800.65 784.70 776.81 776.28 803.27 792.17 771.82 774.59 782.64 784.17 791.67 770.03 773.58 776.15 791.35
821.09 813.28 815.37 825.71 824.06 833.28 805.04 819.33 810.97 812.93 829.79 812.56 835.89 827.03 818.20 856.05 833.20 845.89 876.35 863.67 873.63 890.57 872.16 897.62 871.66 871.13 845.84 851.50 861.71 857.86 852.31 867.58 873.42 873.06 872.19 887.14 892.06 874.40 909.06 886.72 849.20 861.54 854.06 843.53 833.16 846.65 818.44 823.70 816.14 786.37 800.58 792.90 806.65 788.16 792.35 805.68 800.48 812.59 796.80 787.21 804.54 797.85 808.47 792.25 775.43 802.65 792.99 788.10 789.35 782.02 749.86
849.52 835.09 819.10 823.96 830.24 817.00 827.71 805.81 802.48 803.26 825.56 831.72 813.55 828.42 856.81 837.31 850.76 850.34 850.75 879.66 869.49 867.58 870.92 884.87 868.04 868.80 883.42 872.03 868.95 857.03 848.03 874.33 865.61 880.92 875.25 893.64 892.79 876.75 913.24 883.02 868.77 890.55 874.03 872.08 838.51 846.01 840.03 840.52 804.37 797.24 808.05 802.65 807.63 807.51 799.86 783.50 812.00 806.41 804.59 812.42 807.85 815.93 768.78 805.51 801.16 791.53 808.12 756.73 773.44 789.66 790.72
832.29 839.07 840.63 832.40 822.71 840.42 822.99 814.83 812.90 815.95 838.48 828.36 815.52 831.13 858.04 859.52 823.75 855.76 859.71 862.42 868.61 882.41 870.30 874.56 878.16 870.24 864.76 854.90 869.24 853.19 877.04 884.29 904.05 875.83 896.30 873.42 914.39 890.31 903.25 900.54 884.20 884.93 873.90 877.20 853.47 833.46 839.12 828.87 820.14 801.11 834.45 813.31 768.56 825.84 786.10 802.37 801.60 802.59 834.16 808.14 830.38 819.98 802.95 799.11 803.70 785.56 784.98 783.09 772.50 788.51 800.80
830.86 825.81 843.67 826.32 830.68 837.66 823.30 826.54 821.74 813.29 828.04 828.44 818.44 831.47 850.16 868.55 831.98 868.05 872.50 862.06 866.44 889.23 877.41 883.04 874.43 882.43 876.16 858.73 876.40 855.32 878.09 874.29 879.30 885.34 905.52 894.04 911.92 897.83 885.09 878.37 883.17 888.07 875.42 849.46 854.86 849.07 851.99 841.84 814.07 819.34 831.90 817.12 798.61 802.13 795.60 815.77 826.96 802.95 831.94 830.30 813.39 796.21 797.02 805.48 787.41 785.27 795.04 786.80 811.03 781.38 810.97
831.68 821.93 839.90 821.77 822.99 832.99 821.30 810.33 815.55 793.64 830.55 824.33 797.04 832.36 848.77 856.77 860.55 867.93 871.52 844.12 879.77 852.73 886.33 865.19 869.12 863.22 876.56 880.92 876.25 867.68 888.54 867.50 855.34 860.21 890.72 908.68 890.90 898.96 916.10 884.39 880.21 879.49 868.71 868.96 853.29 838.85 835.00 841.32 803.33 805.21 809.88 834.72 815.40 799.79 795.25 807.10 802.67 812.80 797.11 804.48 818.19 807.47 803.52 795.10 806.50 791.38 778.37 782.59 810.35 792.63 806.31
824.92 812.03 841.19 821.10 821.46 826.96 815.60 817.16 810.15 800.31 834.25 824.60 827.37 834.92 827.50 853.92 846.48 856.81 857.08 868.58 885.83 854.58 875.92 848.81 855.93 857.97 870.22 879.88 845.14 864.18 893.08 860.37 872.23 869.34 881.31 890.38 910.93 891.91 871.84 869.33 862.87 863.51 873.51 856.68 857.71 844.78 843.88 814.37 804.66 803.37 804.45 806.39 797.66 815.58 818.11 814.54 813.48 784.12 824.13 807.45 790.31 825.78 810.45 812.20 802.50 794.81 775.36 803.62 797.72 797.28 793.10
818.77 845.12 849.98 817.84 829.57 817.61 816.54 819.10 810.31 820.22 797.19 815.33 814.49 839.37 831.91 851.61 869.47 856.68 862.98 892.74 859.22 864.80 871.40 888.67 853.45 855.64 855.14 854.88 848.06 864.51 870.89 859.55 885.50 880.14 852.56 891.52 908.28 874.16 866.58 895.48 874.65 874.09 871.85 864.09 852.65 835.95 823.43 837.66 846.68 792.81 795.40 812.48 803.18 796.14 806.67 792.52 815.17 813.91 794.53 787.65 791.06 786.86 790.46 792.16 800.72 783.06 772.04 804.09 787.18 771.91 819.41
827.21 838.84 836.07 821.06 804.10 836.07 809.06 815.51 799.13 815.49 818.76 806.13 824.11 848.88 853.27 848.34 856.16 863.05 870.54 870.32 879.88 865.75 882.67 867.73 862.44 865.81 871.74 855.94 851.80 844.67 860.34 877.46 866.12 871.52 879.01 877.86 863.54 877.67 910.38 914.05 867.27 886.09 848.02 843.66 851.05 830.65 843.52 854.32 824.04 819.94 806.57 784.98 789.80 812.37 785.64 800.88 786.38 823.25 813.82 783.16 785.48 780.70 796.46 769.13 799.77 776.73 778.19 780.76 780.77 765.30 800.01
826.31 805.60 814.36 797.72 822.78 819.69 809.02 816.66 814.05 799.13 822.49 827.94 846.78 820.88 820.27 826.68 831.54 863.61 861.17 872.74 849.62 862.98 873.57 881.89 872.08 844.38 867.82 859.06 858.11 859.30 862.55 857.03 859.48 870.83 863.58 880.04 886.88 884.26 852.88 873.17 888.42 877.96 856.64 856.65 863.86 835.93 810.23 820.41 811.37 818.06 792.11 800.28 797.23 785.67 796.06 789.42 802.91 785.86 783.30 806.10 811.26 796.47 796.18 785.13 783.16 758.04 775.25 778.15 778.85 771.50 768.86
800.65 837.56 826.33 829.57 817.07 796.36 835.89 826.38 803.56 788.80 812.80 793.69 807.45 833.34 838.17 853.48 829.16 875.71 852.64 852.18 883.30 838.87 844.24 870.49 847.79 870.99 861.60 840.63 857.13 871.77 851.23 847.76 842.30 869.18 863.95 879.78 883.58 881.89 893.96 881.57 858.16 873.38 860.79 865.50 834.49 835.55 831.92 815.93 816.19 809.81 784.77 796.68 761.28 772.43 791.70 808.48 796.71 817.18 794.87 805.69 800.21 790.68 795.51 780.55 783.20 763.90 781.32 785.63 768.72 748.43 779.04
825.07 813.95 819.38 820.47 815.07 816.62 810.60 810.15 807.19 822.74 803.03 821.18 803.43 826.86 822.73 840.84 846.75 835.30 864.59 876.75 862.04 889.83 861.54 872.40 871.56 849.69 845.52 859.55 830.76 867.49 845.45 837.64 857.46 872.84 865.03 864.30 858.85 892.28 867.41 865.94 882.43 861.75 863.76 865.24 838.12 851.78 815.53 807.36 797.85 806.29 804.78 789.43 807.17 780.12 787.25 776.48 799.19 785.01 787.11 792.74 814.39 782.85 779.28 790.75 782.98 790.17 783.38 783.69 761.88 772.01 767.68
796.04 823.68 835.81 809.22 798.67 826.92 814.96 814.88 820.95 830.03 791.33 807.35 804.38 840.85 810.38 842.32 844.74 833.74 850.08 870.21 891.95 868.92 852.27 852.75 835.54 877.95 849.99 853.95 856.12 883.23 862.88 876.16 877.95 862.95 851.75 886.72 909.09 850.56 893.01 887.12 871.15 892.60 847.42 854.26 852.22 835.75 830.93 817.57 779.72 814.06 763.99 808.31 801.80 796.98 802.02 794.42 811.91 787.61 806.64 829.41 785.15 796.22 775.14 780.31 783.89 773.56 787.29 777.20 759.73 769.15 792.61
834.27 837.91 828.52 825.04 822.75 820.19 819.98 814.74 810.62 796.31 816.70 791.59 829.09 827.08 858.28 860.02 853.42 842.35 875.96 877.98 884.37 863.80 869.68 869.21 856.91 871.26 855.13 845.62 825.05 853.60 847.92 853.40 832.20 881.92 887.01 893.92 872.01 885.83 901.39 860.55 878.33 885.48 872.04 846.66 854.60 832.74 825.76 809.46 801.61 789.19 801.04 789.52 812.72 776.93 801.95 793.94 770.75 798.17 807.79 812.64 811.14 782.71 812.07 802.07 797.20 781.85 789.16 769.84 765.42 790.55 772.26
828.85 846.20 840.19 858.78 820.45 788.02 830.17 813.49 815.32 801.53 818.88 814.48 817.15 815.79 856.54 845.91 860.72 869.69 893.21 868.61 889.56 859.86 872.91 867.31 893.98 877.80 881.24 874.69 867.57 868.34 857.18 864.93 871.73 871.41 880.19 906.58 890.70 894.60 890.61 883.39 874.89 883.76 862.50 866.79 848.19 843.25 839.17 817.13 844.00 778.34 798.68 803.18 812.19 808.26 809.56 815.37 811.94 800.89 819.46 829.13 809.49 794.19 791.15 817.49 770.19 780.11 781.44 797.75 772.46 776.85 780.20
834.74 869.42 827.31 815.40 836.42 829.94 815.44 823.39 815.86 828.04 822.45 834.61 834.60 834.49 840.72 855.24 853.82 882.42 856.95 886.58 885.58 873.62 895.03 873.06 900.60 877.89 862.17 877.82 871.95 868.38 883.91 866.38 893.84 884.66 877.12 884.28 892.09 880.45 877.74 880.51 893.99 873.42 866.11 844.22 854.30 840.41 852.77 845.89 821.48 808.21 817.61 809.71 786.09 788.57 823.26 811.40 797.68 825.41 800.25 783.20 805.85 806.60 803.54 790.38 780.64 804.97 807.90 770.14 784.00 780.63 771.47
847.09 865.19 830.69 793.95 823.72 843.99 818.86 833.46 825.69 836.83 837.09 816.78 821.09 835.82 832.39 855.83 881.92 867.81 863.63 859.01 858.01 862.47 878.65 880.93 877.62 868.89 861.33 863.15 865.56 878.06 869.62 887.65 868.59 878.91 874.44 876.52 922.45 910.36 900.47 899.47 901.33 924.89 880.41 864.92 857.43 848.18 846.74 841.46 828.28 811.97 799.45 823.76 811.80 818.46 819.59 817.41 830.29 807.65 797.26 814.34 813.96 801.17 791.75 799.77 793.22 792.43 803.34 784.46 768.95 794.94 773.87
