random_dem_500x500.asc
ncols         500
nrows         500
xllcorner     0.0
yllcorner     0.0
cellsize      30
NODATA_value  -9999
[rows 384 to 415 of 500, columns 213 to 283 of 500]
1237.68 1267.03 1267.91 1271.44 1270.84 1253.97 1254.50 1266.71 1255.23 1270.81 1280.61 1284.66 1262.97 1257.09 1249.36 1260.70 1220.21 1201.57 1216.03 1197.63 1214.00 1190.98 1200.62 1184.24 1176.83 1184.26 1199.32 1188.80 1181.98 1188.38 1144.56 1174.12 1175.62 1178.72 1161.56 1140.05 1156.87 1115.94 1153.84 1122.91 1134.90 1116.59 1104.90 1111.53 1098.31 1094.74 1087.93 1112.12 1092.46 1105.85 1099.29 1060.85 1060.44 1051.16 1067.71 1045.95 1046.88 1016.23 982.12 986.88 971.86 958.43 966.20 947.90 938.24 939.23 934.69 944.91 903.42 911.37 929.03
1251.03 1253.17 1261.76 1235.37 1252.78 1269.51 1268.46 1272.30 1283.54 1252.76 1278.50 1264.97 1260.04 1249.76 1242.39 1258.75 1227.88 1231.09 1187.86 1213.37 1195.66 1209.56 1190.51 1162.18 1158.25 1158.04 1153.66 1157.07 1185.64 1163.74 1167.34 1152.12 1192.24 1148.31 1143.95 1153.89 1145.28 1104.83 1139.81 1124.97 1133.82 1095.88 1103.48 1119.93 1082.79 1097.24 1093.07 1081.72 1062.73 1093.84 1102.14 1073.43 1056.61 1048.08 1033.75 1033.99 998.25 1002.86 992.87 988.30 970.00 952.66 947.37 951.47 906.52 886.66 917.29 905.11 922.55 908.42 916.63
1267.04 1229.49 1234.69 1236.82 1248.80 1258.04 1246.04 1251.88 1277.79 1253.04 1252.43 1262.72 1253.85 1235.66 1224.60 1224.28 1227.13 1227.52 1211.28 1179.35 1186.45 1180.09 1179.40 1174.34 1150.80 1174.06 1139.85 1144.31 1170.71 1165.69 1161.56 1140.29 1162.03 1138.53 1162.20 1145.90 1142.78 1112.08 1124.66 1136.57 1108.62 1090.43 1081.42 1087.03 1078.00 1074.23 1081.15 1061.20 1072.55 1058.31 1083.46 1042.52 1041.75 1042.49 1044.39 1020.81 998.45 999.07 1001.25 975.90 960.47 948.52 945.79 922.50 917.30 916.37 911.01 896.47 893.20 907.10 903.75
1237.05 1229.13 1227.79 1230.90 1231.17 1238.72 1254.09 1241.73 1244.25 1244.72 1259.38 1243.80 1244.51 1233.88 1211.32 1188.09 1228.62 1213.98 1188.09 1184.30 1160.72 1170.06 1146.20 1150.58 1160.73 1152.81 1163.40 1160.50 1158.43 1142.39 1144.80 1146.81 1149.85 1142.78 1152.86 1120.62 1105.01 1110.12 1121.04 1088.87 1089.50 1115.40 1076.27 1078.47 1059.41 1073.73 1059.77 1093.82 1075.40 1055.99 1057.10 1026.73 1054.38 1037.31 1024.35 1007.73 998.61 990.88 988.02 956.96 934.89 925.90 921.36 919.71 909.87 881.09 897.61 910.74 908.30 916.32 896.50
1234.09 1192.30 1234.83 1238.63 1238.30 1257.83 1230.54 1237.07 1233.32 1251.48 1229.39 1237.26 1243.85 1210.58 1221.66 1220.72 1178.49 1202.33 1182.81 1178.59 1158.55 1168.79 1151.14 1153.11 1127.76 1149.98 1136.62 1133.69 1154.50 1149.54 1150.34 1132.78 1113.84 1116.32 1147.06 1120.80 1113.45 1093.45 1121.22 1089.78 1088.04 1066.42 1056.57 1064.14 1080.74 1060.67 1051.30 1052.89 1070.06 1054.67 1044.78 1048.18 1040.62 1022.42 1029.18 1021.96 992.03 979.32 956.76 963.35 930.61 922.89 923.75 916.69 889.57 913.34 886.85 890.30 900.44 886.24 874.11
1221.13 1205.90 1241.06 1210.22 1199.59 1216.04 1245.15 1235.13 1224.14 1220.09 1246.77 1236.60 1231.21 1212.13 1201.75 1200.38 1197.12 1173.80 1174.63 1175.92 1158.81 1149.16 1122.57 1136.94 1147.03 1120.36 1138.65 1130.90 1137.54 1140.74 1135.34 1152.53 1133.82 1129.93 1129.62 1122.57 1110.78 1112.12 1104.07 1070.53 1069.84 1060.90 1066.77 1058.47 1048.39 1056.07 1057.62 1056.68 1054.61 1051.05 1046.44 1043.07 1030.57 992.60 1019.28 996.67 970.29 929.24 961.72 966.32 915.50 903.57 892.90 887.98 894.86 897.79 894.30 896.10 874.57 897.67 876.95
1228.10 1208.18 1195.95 1227.73 1223.33 1237.50 1228.00 1196.23 1203.42 1241.47 1237.11 1211.98 1227.89 1216.54 1214.57 1190.07 1186.88 1169.89 1178.93 1162.16 1154.38 1160.85 1129.39 1144.78 1140.98 1139.84 1137.85 1126.11 1126.00 1128.34 1131.89 1122.07 1126.05 1122.91 1139.77 1096.30 1102.28 1091.36 1095.22 1074.52 1061.29 1066.94 1067.52 1046.96 1037.96 1081.69 1059.55 1021.99 1044.94 1056.09 1033.53 1010.24 1028.39 1044.02 995.33 997.83 977.01 988.11 944.32 948.72 939.40 928.79 900.01 895.62 884.21 876.04 864.54 863.58 866.82 855.04 866.37
1210.99 1193.41 1226.49 1185.77 1200.25 1218.58 1223.04 1224.17 1221.49 1239.18 1225.10 1238.69 1204.37 1202.69 1236.97 1194.30 1187.88 1184.80 1178.35 1170.08 1139.19 1128.38 1133.29 1132.94 1128.16 1131.02 1128.13 1116.22 1129.82 1116.07 1135.29 1124.58 1116.77 1111.60 1101.01 1105.21 1099.09 1102.41 1082.62 1085.82 1076.96 1061.21 1049.91 1044.29 1054.33 1047.56 1035.52 1061.18 1033.47 1049.42 1017.16 1030.18 1027.41 1015.18 1008.92 1001.81 968.34 973.97 951.36 933.30 940.52 933.31 912.42 887.62 870.95 861.55 871.45 877.67 872.45 877.21 868.72
1199.15 1201.26 1205.72 1212.32 1225.83 1240.44 1222.80 1223.44 1218.94 1234.33 1230.99 1214.48 1218.98 1211.27 1198.71 1207.86 1185.66 1189.39 1173.51 1158.02 1143.83 1153.33 1143.28 1139.03 1150.21 1117.80 1143.05 1149.27 1156.37 1124.43 1125.66 1140.46 1138.57 1127.99 1100.62 1091.09 1119.65 1079.09 1083.64 1064.77 1067.53 1049.37 1055.93 1048.73 1056.51 1023.70 1037.13 1014.86 1053.11 1055.20 1038.29 1050.68 1023.40 1026.73 1013.46 994.41 962.89 944.35 929.21 943.78 915.17 912.85 885.04 904.42 864.52 899.10 880.62 874.19 876.02 855.12 859.08
1197.08 1227.11 1228.64 1224.20 1184.55 1202.08 1225.87 1241.51 1224.97 1231.45 1211.76 1244.83 1217.33 1202.21 1231.65 1207.68 1208.24 1182.72 1178.37 1133.91 1135.17 1142.53 1143.27 1145.65 1134.07 1151.50 1146.36 1121.27 1129.77 1126.72 1126.72 1117.94 1139.60 1120.04 1104.94 1114.97 1115.91 1095.92 1076.79 1063.41 1068.95 1070.84 1066.39 1047.43 1047.43 1049.02 1065.07 1035.86 1042.53 1036.39 1023.27 1030.56 1023.57 1019.19 1006.74 996.08 976.37 972.92 949.21 935.27 906.52 926.05 911.73 899.11 910.68 892.07 873.70 857.59 849.18 878.88 876.03
1195.90 1216.35 1198.88 1209.76 1225.38 1240.13 1233.16 1241.20 1226.37 1225.45 1210.17 1241.07 1240.31 1202.79 1207.51 1209.80 1196.88 1187.63 1173.71 1133.00 1156.24 1150.80 1148.43 1126.57 1130.04 1123.46 1144.02 1147.34 1136.86 1138.36 1110.50 1109.46 1125.83 1120.84 1106.65 1108.93 1101.71 1098.28 1101.45 1088.73 1076.54 1067.60 1033.90 1041.84 1058.79 1064.02 1058.46 1039.99 1040.22 1045.21 1038.25 1042.51 991.87 1006.77 1003.03 1007.00 975.45 970.56 957.42 945.11 937.53 927.21 898.82 882.31 890.90 881.38 881.16 890.30 894.37 866.33 867.48
1219.01 1233.70 1216.19 1193.96 1211.20 1222.40 1212.02 1235.00 1248.93 1253.02 1243.17 1243.66 1245.40 1215.85 1217.79 1183.21 1208.18 1185.79 1169.12 1183.06 1171.21 1142.95 1135.58 1136.86 1142.48 1131.80 1127.36 1129.37 1146.54 1134.47 1138.85 1162.67 1129.14 1134.18 1120.19 1128.30 1112.90 1103.46 1104.79 1064.74 1048.03 1087.13 1080.83 1067.83 1067.05 1052.98 1059.62 1050.79 1050.22 1055.13 1044.89 1026.41 1038.11 1019.60 1019.07 1007.08 975.96 979.31 945.61 954.39 936.00 906.68 902.92 906.42 884.56 878.60 897.47 876.27 880.11 881.44 892.30
1230.71 1213.00 1236.87 1224.64 1217.04 1215.48 1238.88 1248.46 1238.69 1246.09 1237.59 1247.65 1223.60 1237.94 1232.68 1219.02 1212.07 1178.16 1183.28 1186.72 1177.45 1151.63 1136.14 1149.87 1139.52 1125.89 1147.80 1155.72 1135.52 1164.55 1119.67 1161.38 1113.02 1140.99 1103.77 1124.69 1109.36 1105.54 1106.09 1104.48 1100.59 1080.42 1099.90 1070.30 1095.37 1066.62 1055.69 1046.15 1054.23 1058.46 1061.74 1029.31 1031.19 1016.47 1016.75 1011.14 1000.06 987.28 955.50 949.03 937.88 929.51 912.30 882.61 891.46 887.04 899.34 884.58 864.34 862.28 895.64
1222.25 1225.15 1226.44 1240.15 1236.25 1231.86 1250.30 1238.74 1222.41 1230.02 1253.73 1256.27 1248.96 1257.52 1229.08 1227.25 1213.60 1195.04 1183.31 1167.27 1182.44 1171.87 1158.30 1153.57 1146.82 1152.23 1156.56 1150.77 1137.16 1137.75 1163.99 1122.23 1146.92 1134.99 1134.12 1114.56 1125.60 1102.20 1106.92 1099.26 1064.51 1065.71 1059.92 1091.98 1064.28 1061.61 1066.84 1066.46 1070.88 1081.49 1046.23 1044.00 1052.88 1043.78 1036.16 1006.04 1016.87 997.86 956.49 936.78 935.43 924.03 896.19 899.21 897.89 898.23 896.06 894.45 889.57 877.14 881.54
1240.94 1215.45 1237.61 1217.56 1236.79 1238.43 1232.68 1247.75 1266.78 1235.13 1256.11 1240.41 1223.94 1233.36 1217.59 1220.72 1220.65 1210.19 1201.91 1176.03 1176.41 1160.46 1158.94 1163.00 1169.36 1144.24 1147.13 1155.79 1128.23 1141.09 1142.60 1136.56 1135.00 1148.15 1145.36 1154.77 1137.50 1125.84 1093.94 1107.10 1099.27 1072.86 1074.74 1074.17 1057.58 1052.96 1072.48 1091.33 1063.47 1036.82 1088.06 1052.64 1051.40 1051.30 1007.36 1006.85 994.24 981.41 988.69 965.07 924.79 937.84 916.55 920.74 897.63 907.85 889.43 903.07 890.45 864.44 877.04
1247.28 1246.87 1202.93 1240.98 1248.86 1246.91 1235.02 1252.09 1253.16 1251.76 1276.40 1262.11 1251.64 1240.50 1237.77 1227.66 1217.97 1190.12 1199.21 1168.42 1164.28 1185.73 1163.21 1155.78 1179.34 1139.31 1154.52 1150.63 1165.57 1157.30 1161.42 1173.61 1128.11 1161.04 1137.62 1141.90 1131.23 1127.78 1120.77 1096.06 1118.50 1104.97 1105.18 1100.39 1068.78 1060.83 1072.27 1088.29 1041.62 1080.24 1078.55 1051.63 1049.87 1046.07 1017.59 997.01 997.54 972.84 968.16 966.39 954.28 938.30 941.72 926.13 907.30 898.90 921.49 931.10 890.66 892.01 894.04
1250.76 1244.73 1238.78 1245.66 1232.67 1233.40 1235.63 1251.12 1267.32 1259.36 1257.50 1240.28 1245.24 1246.30 1248.34 1192.00 1226.65 1205.01 1198.37 1186.08 1195.36 1173.97 1156.33 1147.24 1145.17 1156.12 1146.13 1169.62 1130.49 1160.97 1174.39 1143.62 1151.37 1155.97 1155.80 1112.60 1144.14 1115.32 1107.04 1098.76 1093.64 1088.08 1076.26 1092.04 1073.70 1072.05 1078.34 1067.04 1077.46 1069.59 1061.06 1062.63 1061.61 1070.57 998.78 1009.74 1021.11 970.45 967.04 942.64 916.82 947.60 913.88 924.45 903.40 909.51 904.15 903.88 900.80 907.03 884.55
1237.66 1238.75 1222.81 1236.58 1228.15 1264.47 1256.91 1257.62 1235.11 1267.08 1247.58 1254.04 1253.28 1247.72 1248.37 1228.91 1213.76 1204.24 1199.34 1184.94 1188.14 1176.50 1167.31 1133.27 1125.34 1141.97 1162.06 1158.72 1172.57 1143.42 1159.01 1150.51 1139.90 1128.04 1142.90 1132.58 1133.63 1130.77 1118.46 1099.44 1102.25 1089.40 1080.75 1070.86 1091.81 1084.38 1071.02 1062.44 1078.40 1047.32 1073.09 1066.49 1063.85 1041.56 1036.73 1023.08 974.96 995.68 979.69 954.12 948.26 922.60 947.26 914.50 912.71 906.06 899.19 912.27 907.43 895.94 900.51
1227.64 1250.48 1247.58 1227.36 1237.82 1231.29 1240.79 1254.11 1249.02 1257.04 1255.96 1240.26 1237.98 1220.65 1236.74 1226.01 1232.76 1195.12 1192.38 1153.37 1155.63 1158.14 1147.54 1167.98 1150.64 1154.47 1147.09 1162.98 1134.30 1150.20 1150.93 1171.96 1148.29 1155.41 1144.61 1124.67 1111.74 1130.08 1125.59 1101.45 1098.73 1096.53 1106.31 1066.67 1055.83 1059.22 1073.98 1067.72 1064.73 1057.64 1057.95 1062.93 1028.63 1045.72 1009.12 1009.39 996.97 963.02 950.44 965.46 951.77 933.28 921.33 901.86 894.24 892.75 912.38 918.42 890.19 897.80 900.47
1244.39 1238.87 1230.16 1249.82 1225.26 1235.96 1243.27 1231.48 1242.77 1238.61 1256.34 1241.23 1227.65 1243.61 1234.71 1205.70 1210.18 1206.77 1204.58 1167.96 1167.97 1175.80 1145.34 1159.66 1162.67 1144.20 1140.25 1143.05 1138.44 1147.20 1130.89 1119.97 1154.03 1130.29 1112.46 1125.36 1128.91 1127.04 1104.71 1075.65 1094.33 1081.55 1094.62 1061.16 1081.62 1074.15 1076.78 1084.86 1065.13 1086.38 1055.44 1079.81 1017.24 1051.14 1029.81 1008.61 983.94 998.49 950.02 958.38 939.06 928.39 932.74 917.17 914.05 894.22 911.03 884.22 898.02 880.89 871.26
1226.61 1218.96 1246.57 1228.10 1214.45 1218.57 1226.65 1242.27 1226.40 1255.37 1244.13 1246.63 1248.22 1246.14 1222.22 1188.56 1205.27 1192.69 1181.29 1179.71 1165.61 1157.83 1178.76 1133.03 1122.91 1130.22 1140.51 1145.10 1143.83 1151.17 1148.45 1141.93 1130.65 1132.13 1141.49 1104.24 1104.11 1111.49 1098.24 1082.12 1092.33 1075.69 1058.18 1074.77 1048.68 1063.79 1063.30 1044.80 1059.14 1034.50 1029.33 1053.25 1043.52 1024.55 1013.46 995.01 997.75 976.01 971.05 949.95 956.52 937.57 921.99 916.80 907.81 906.78 880.68 878.73 884.47 884.65 883.12
1222.72 1236.96 1215.79 1225.79 1229.65 1230.65 1212.29 1246.47 1233.86 1240.75 1236.05 1216.97 1217.50 1239.54 1217.99 1217.36 1214.97 1154.45 1193.50 1198.09 1166.70 1155.06 1152.25 1162.04 1154.95 1139.63 1156.72 1140.71 1146.52 1132.96 1131.62 1124.44 1109.97 1126.17 1124.46 1135.52 1107.85 1080.81 1098.04 1079.61 1081.36 1079.82 1058.73 1058.17 1068.46 1072.89 1050.98 1060.63 1053.45 1045.02 1039.62 1010.62 1020.85 1031.46 1001.56 991.23 996.93 964.21 965.49 961.38 928.53 915.06 901.10 900.06 887.99 898.95 876.00 891.34 892.80 870.73 866.60
1208.77 1213.06 1207.85 1212.65 1214.34 1223.75 1221.84 1221.47 1222.30 1237.72 1206.70 1240.17 1219.44 1224.75 1200.88 1213.13 1189.89 1165.08 1186.55 1176.66 1159.34 1150.61 1141.31 1135.35 1138.42 1115.57 1125.42 1145.73 1129.12 1101.70 1143.10 1134.66 1113.52 1149.33 1122.90 1101.18 1114.98 1069.92 1089.23 1091.65 1055.66 1073.27 1037.90 1068.10 1043.82 1055.79 1037.44 1052.88 1042.16 1047.42 1040.19 1046.37 1039.63 1007.77 997.44 985.90 969.82 936.23 932.49 925.42 923.52 918.07 920.22 906.03 905.40 874.35 876.69 856.96 856.81 870.39 859.60
1205.66 1223.37 1205.16 1222.57 1216.44 1232.44 1217.19 1218.51 1210.61 1227.44 1197.28 1209.38 1213.49 1218.73 1207.01 1206.16 1167.97 1193.90 1162.43 1151.84 1163.07 1160.84 1150.31 1131.10 1134.53 1115.77 1131.78 1144.82 1135.82 1109.33 1127.11 1134.95 1124.70 1101.24 1109.80 1098.91 1074.15 1071.06 1076.52 1080.62 1077.65 1069.48 1057.16 1065.04 1048.45 1041.52 1031.60 1042.53 1024.73 1018.01 1028.92 1029.85 1014.11 1016.09 968.24 970.72 970.98 960.31 935.30 931.99 913.87 920.64 893.91 885.84 892.76 876.26 873.01 898.33 869.04 848.19 852.62
1182.00 1202.63 1194.02 1184.95 1216.16 1229.82 1220.50 1236.10 1221.80 1229.91 1207.18 1206.33 1209.93 1215.92 1190.31 1177.49 1185.45 1187.53 1154.66 1145.66 1131.60 1141.14 1127.90 1125.17 1120.99 1141.85 1125.76 1134.65 1133.97 1127.88 1135.15 1122.57 1133.16 1124.80 1123.09 1082.97 1083.89 1088.96 1080.74 1076.30 1065.87 1063.68 1041.78 1072.18 1048.04 1029.38 1063.87 1069.66 1062.63 1044.30 1013.59 1036.79 1027.65 1000.05 988.83 980.52 978.76 972.97 924.39 940.78 913.19 912.30 892.16 891.64 890.35 869.40 860.00 860.76 864.32 884.22 841.99
1209.60 1220.51 1213.51 1215.51 1203.50 1215.80 1218.56 1221.15 1204.66 1217.13 1237.11 1213.60 1210.99 1193.86 1186.46 1189.29 1171.21 1145.55 1160.19 1156.26 1142.02 1132.33 1122.32 1128.46 1116.69 1123.43 1109.11 1138.49 1117.23 1092.63 1113.13 1113.98 1128.53 1100.62 1110.45 1120.54 1103.28 1079.60 1069.76 1069.40 1053.66 1062.96 1032.00 1042.99 1070.27 1045.46 1054.65 1031.02 1013.65 1040.99 1037.53 1027.10 1005.37 1012.08 1013.74 974.83 987.18 939.54 942.91 924.12 922.53 909.57 897.35 871.52 882.10 869.36 874.08 872.87 871.55 869.53 860.74
1198.57 1214.32 1184.06 1218.78 1204.47 1219.24 1218.99 1217.77 1207.90 1213.97 1193.64 1234.26 1208.61 1208.96 1179.31 1192.81 1197.70 1170.22 1152.07 1153.90 1157.24 1145.17 1137.53 1123.78 1105.43 1116.81 1126.49 1111.96 1130.20 1118.74 1125.04 1093.08 1119.86 1123.94 1090.21 1097.41 1084.13 1081.51 1044.83 1079.61 1050.66 1037.84 1042.59 1023.87 1059.83 1029.51 1032.60 1050.20 1034.08 1042.06 1005.91 1033.57 1015.06 1015.30 988.39 987.86 975.74 962.05 943.45 943.47 934.41 897.27 897.58 895.59 860.13 854.68 857.78 862.23 865.74 860.23 868.30
1198.30 1197.57 1210.48 1213.64 1230.25 1223.02 1203.81 1216.76 1217.98 1221.31 1210.41 1212.72 1211.34 1193.64 1185.83 1192.54 1182.63 1185.47 1153.23 1164.71 1160.73 1100.62 1113.72 1127.82 1127.73 1129.46 1115.97 1121.04 1110.42 1113.31 1112.84 1141.76 1101.70 1093.66 1091.06 1102.48 1095.77 1076.80 1072.71 1051.31 1085.15 1067.78 1039.19 1030.77 1022.79 1055.37 1032.83 1023.42 1019.82 1032.76 1018.90 1031.06 999.24 1017.25 1002.15 987.94 955.94 959.10 932.04 928.09 908.13 921.91 908.57 866.18 881.20 876.21 870.22 871.23 877.95 858.85 869.90
1211.10 1205.08 1198.39 1215.00 1189.17 1202.34 1222.19 1230.80 1228.88 1225.91 1234.32 1234.46 1208.22 1205.74 1200.21 1195.14 1178.39 1149.82 1146.64 1154.79 1148.31 1119.11 1142.95 1132.95 1134.58 1127.90 1124.65 1110.65 1144.23 1125.73 1147.41 1149.47 1125.45 1125.80 1101.24 1100.45 1074.78 1102.28 1067.78 1059.62 1041.88 1056.43 1083.94 1050.62 1057.23 1063.92 1039.58 1031.85 1005.74 1018.47 1057.05 1002.17 1006.86 998.39 987.89 975.57 954.75 976.57 932.01 928.59 910.84 922.88 909.49 882.03 887.11 881.23 879.50 882.07 861.27 867.66 871.67
1229.65 1210.88 1201.11 1219.34 1207.84 1215.47 1205.16 1215.47 1208.73 1226.88 1210.27 1232.84 1192.30 1194.00 1203.49 1184.30 1197.35 1179.22 1174.43 1150.85 1127.74 1146.52 1128.27 1145.66 1136.80 1143.53 1129.51 1127.35 1112.90 1114.13 1139.79 1132.61 1113.74 1139.75 1096.64 1125.42 1106.16 1092.92 1076.32 1082.18 1082.27 1051.27 1050.11 1049.35 1041.44 1053.83 1019.12 1031.08 1040.02 1035.15 1047.77 1021.97 1015.61 1002.25 994.10 987.45 952.32 951.59 952.70 938.77 903.79 907.94 884.55 915.09 891.82 890.15 860.21 875.71 859.69 865.98 866.62
1217.19 1236.65 1216.29 1227.12 1224.36 1215.26 1223.87 1242.55 1222.09 1234.29 1213.88 1226.90 1216.99 1206.31 1196.24 1208.08 1181.54 1162.94 1185.12 1153.94 1124.36 1140.07 1131.53 1136.63 1128.34 1165.88 1133.46 1113.33 1119.20 1134.67 1125.49 1126.84 1116.66 1097.18 1105.91 1099.16 1103.38 1072.78 1085.02 1069.56 1076.91 1077.45 1058.78 1070.23 1041.51 1042.51 1058.30 1036.73 1028.75 1039.25 1021.28 1026.08 1023.04 998.76 997.12 990.31 953.56 940.09 955.37 943.73 905.59 894.04 881.01 905.52 887.37 876.85 854.23 864.66 886.08 846.23 831.17
1202.25 1206.13 1207.64 1214.37 1223.86 1213.98 1208.70 1217.42 1224.77 1221.27 1229.39 1210.33 1209.11 1217.88 1209.52 1196.75 1193.98 1170.74 1182.23 1128.76 1120.76 1118.30 1126.16 1128.78 1120.74 1124.78 1124.40 1125.96 1113.60 1135.00 1128.58 1123.22 1127.40 1110.01 1119.52 1124.07 1110.86 1059.92 1076.05 1086.70 1066.69 1081.59 1070.65 1079.10 1034.04 1056.65 1041.44 1053.26 1020.60 1029.29 1056.14 1024.28 1036.42 1008.63 1019.24 1005.80 976.43 978.56 939.13 949.38 919.66 921.87 911.10 886.82 872.60 869.80 873.17 884.58 873.46 865.33 871.61
