random_dem_500x500.asc
ncols         500
nrows         500
xllcorner     0.0
yllcorner     0.0
cellsize      30
NODATA_value  -9999
[rows 384 to 415 of 500, columns 71 to 141 of 500]
1651.12 1630.26 1631.95 1644.25 1615.45 1637.21 1630.83 1607.57 1617.16 1632.34 1638.92 1659.64 1647.07 1653.51 1679.81 1673.89 1644.78 1665.79 1674.78 1663.31 1649.00 1636.98 1662.58 1674.12 1649.78 1667.94 1641.53 1661.94 1689.11 1680.90 1704.20 1706.61 1711.42 1726.57 1698.66 1714.43 1716.19 1692.42 1684.54 1681.32 1663.97 1657.48 1677.22 1646.07 1633.45 1623.48 1609.95 1646.34 1600.86 1611.45 1593.22 1589.69 1578.63 1572.37 1561.78 1547.16 1532.66 1512.74 1507.81 1451.24 1450.99 1429.69 1427.02 1394.90 1387.63 1367.33 1381.83 1335.30 1382.12 1345.41 1374.66
1651.29 1625.05 1620.90 1622.92 1633.08 1644.91 1626.89 1643.02 1634.82 1624.64 1645.95 1620.73 1665.36 1659.52 1689.95 1662.37 1652.75 1670.11 1675.66 1639.88 1661.40 1628.75 1672.79 1654.18 1668.32 1663.31 1642.78 1683.05 1672.75 1698.70 1713.42 1686.52 1703.94 1725.33 1700.97 1732.90 1701.99 1700.68 1718.21 1692.84 1678.32 1661.32 1648.50 1645.10 1636.96 1628.58 1608.00 1594.94 1612.50 1601.90 1607.08 1574.79 1582.67 1552.80 1555.32 1530.57 1547.08 1521.84 1525.50 1474.58 1465.81 1452.00 1407.76 1391.51 1391.31 1393.25 1350.26 1376.79 1358.86 1360.21 1337.93
1644.97 1641.00 1630.39 1619.99 1617.22 1614.41 1631.01 1630.39 1620.62 1660.91 1643.30 1659.88 1650.14 1669.84 1661.21 1669.65 1662.36 1653.67 1660.12 1660.67 1654.45 1649.71 1649.12 1660.54 1635.10 1680.61 1673.13 1686.88 1673.59 1663.37 1687.20 1681.71 1716.81 1701.50 1722.47 1692.58 1706.36 1686.67 1691.71 1676.00 1668.98 1659.44 1649.42 1635.79 1655.26 1623.21 1608.97 1600.05 1610.34 1606.31 1581.30 1587.54 1555.95 1594.33 1561.16 1529.21 1546.46 1512.02 1477.48 1461.74 1455.36 1446.47 1402.97 1403.23 1378.14 1376.17 1375.87 1355.99 1351.47 1345.98 1350.66
1606.60 1629.81 1607.70 1612.09 1622.07 1648.13 1639.92 1640.84 1642.10 1638.52 1670.60 1649.48 1657.65 1659.75 1672.94 1665.82 1667.57 1662.29 1659.28 1667.46 1650.04 1639.32 1662.56 1642.10 1660.32 1660.44 1662.62 1668.72 1681.10 1686.20 1694.70 1706.98 1704.39 1717.61 1689.75 1712.79 1722.42 1707.58 1706.64 1683.70 1661.76 1681.23 1684.55 1638.12 1649.77 1627.03 1624.80 1626.01 1600.07 1621.19 1588.44 1590.48 1578.52 1580.69 1552.11 1523.65 1525.51 1514.79 1487.79 1465.99 1457.26 1416.55 1415.33 1402.70 1397.15 1384.15 1369.88 1367.25 1341.81 1344.00 1328.28
1635.66 1600.93 1605.92 1627.12 1610.02 1624.29 1630.59 1629.33 1640.99 1649.86 1677.70 1659.47 1650.13 1663.44 1668.46 1674.02 1658.53 1657.39 1656.18 1649.80 1659.40 1671.21 1625.54 1648.49 1655.66 1674.59 1670.07 1679.72 1689.32 1691.86 1697.98 1681.20 1702.03 1698.44 1720.06 1696.30 1706.86 1698.74 1696.28 1662.41 1667.31 1675.76 1638.39 1641.47 1632.70 1632.05 1626.05 1627.20 1613.54 1590.24 1593.14 1588.56 1556.55 1570.20 1549.34 1524.36 1539.36 1489.07 1473.49 1458.51 1431.61 1417.10 1414.90 1406.46 1373.34 1355.00 1353.18 1335.36 1331.34 1333.03 1342.81
1644.22 1614.50 1636.98 1606.26 1642.31 1617.17 1619.30 1609.46 1646.61 1641.59 1645.80 1658.02 1645.17 1668.22 1656.59 1665.27 1651.30 1672.27 1670.21 1654.27 1663.88 1633.90 1648.56 1659.49 1664.97 1647.35 1704.94 1671.18 1690.31 1698.63 1698.38 1692.34 1712.75 1717.00 1701.85 1713.00 1724.13 1714.12 1714.72 1680.11 1680.49 1688.10 1648.25 1625.43 1641.63 1620.64 1629.63 1608.72 1593.34 1593.02 1575.93 1605.00 1561.98 1570.08 1574.17 1523.18 1526.74 1497.25 1497.83 1471.02 1440.95 1413.40 1406.62 1391.61 1383.05 1381.97 1353.79 1359.30 1322.83 1316.42 1315.92
1633.86 1624.29 1623.36 1617.91 1641.16 1622.71 1653.76 1623.00 1621.82 1644.15 1655.53 1672.01 1645.24 1653.60 1680.34 1666.62 1661.81 1680.98 1648.95 1663.75 1680.86 1665.55 1649.69 1651.89 1678.27 1695.01 1702.37 1667.82 1682.17 1711.97 1683.15 1723.87 1706.05 1732.14 1711.91 1710.74 1678.14 1702.58 1687.06 1680.08 1669.62 1672.59 1677.22 1645.58 1640.63 1643.11 1629.25 1614.88 1598.83 1603.58 1580.12 1594.93 1573.83 1549.51 1550.17 1532.44 1523.03 1515.85 1497.47 1465.29 1450.38 1403.23 1421.96 1396.88 1398.56 1367.86 1352.27 1328.76 1337.51 1335.86 1333.13
1631.06 1631.45 1639.89 1649.94 1622.85 1622.74 1621.26 1628.00 1626.67 1640.70 1631.46 1672.21 1637.16 1669.03 1663.33 1668.16 1666.43 1652.73 1683.76 1656.12 1661.21 1676.22 1672.85 1646.13 1677.09 1678.31 1673.60 1678.33 1704.21 1676.57 1726.00 1712.03 1721.51 1733.51 1705.35 1725.36 1723.08 1718.09 1685.40 1711.01 1695.23 1675.68 1671.93 1654.58 1613.49 1617.95 1625.29 1642.51 1619.70 1600.24 1598.06 1578.07 1586.33 1572.39 1564.74 1551.81 1508.33 1520.94 1485.99 1499.96 1446.07 1442.69 1397.82 1411.98 1384.44 1367.18 1349.61 1357.51 1356.30 1337.25 1338.21
1615.99 1636.39 1642.00 1643.24 1625.46 1636.33 1635.47 1655.37 1658.66 1652.32 1678.86 1669.19 1653.57 1647.99 1662.49 1667.11 1691.99 1681.05 1654.23 1673.33 1678.76 1666.06 1679.66 1699.64 1703.91 1662.59 1685.78 1692.62 1707.81 1719.60 1713.17 1723.52 1713.85 1731.53 1714.78 1712.10 1714.80 1726.56 1715.09 1687.54 1688.51 1665.04 1669.29 1662.83 1663.87 1657.86 1642.36 1615.38 1616.08 1604.60 1614.01 1610.19 1581.87 1595.16 1568.46 1555.52 1544.76 1505.77 1481.99 1470.21 1462.80 1440.19 1403.55 1417.94 1386.81 1373.38 1380.67 1370.14 1331.50 1341.33 1330.04
1636.78 1633.29 1629.11 1640.49 1639.56 1629.20 1662.47 1642.57 1679.79 1665.23 1686.25 1682.75 1675.73 1665.06 1686.36 1702.08 1697.50 1684.47 1684.15 1694.90 1683.37 1679.65 1685.34 1679.47 1684.46 1685.50 1719.15 1691.26 1714.62 1720.78 1725.14 1715.14 1729.24 1753.05 1749.48 1740.45 1733.46 1692.84 1713.44 1715.90 1681.84 1688.76 1670.27 1669.88 1674.35 1639.30 1661.91 1641.96 1633.15 1623.99 1605.72 1607.48 1587.66 1588.43 1594.44 1557.71 1547.47 1519.37 1491.80 1470.44 1462.43 1425.22 1415.44 1415.73 1418.09 1387.19 1353.24 1354.47 1344.34 1342.37 1340.06
1630.33 1648.48 1653.10 1655.17 1631.92 1648.25 1664.75 1661.71 1654.73 1663.60 1689.58 1686.38 1694.52 1676.29 1680.99 1694.38 1702.92 1710.52 1697.94 1705.18 1715.29 1680.90 1674.75 1692.29 1693.79 1690.85 1687.25 1710.71 1720.71 1728.54 1732.57 1741.53 1730.66 1732.75 1745.98 1733.38 1759.21 1737.96 1736.46 1711.91 1711.30 1686.62 1694.40 1677.64 1655.97 1651.56 1662.61 1662.14 1646.23 1652.50 1631.66 1616.60 1596.04 1578.93 1597.19 1547.75 1539.55 1538.55 1514.66 1496.64 1462.96 1461.04 1435.44 1422.34 1403.05 1401.10 1369.02 1368.12 1361.88 1377.81 1364.61
1666.75 1652.64 1637.58 1671.04 1649.37 1660.28 1659.71 1682.51 1671.15 1663.05 1696.88 1691.34 1700.67 1706.31 1710.11 1718.50 1700.68 1717.46 1708.77 1718.36 1685.25 1708.66 1697.38 1693.16 1700.71 1690.57 1724.93 1703.17 1735.50 1726.37 1734.63 1740.77 1747.24 1763.85 1768.27 1769.11 1746.94 1755.57 1734.10 1737.27 1731.27 1701.46 1694.34 1708.47 1670.53 1681.75 1671.86 1646.61 1647.66 1638.90 1637.88 1630.45 1632.82 1600.50 1588.16 1569.36 1564.16 1546.55 1535.01 1498.96 1487.73 1464.84 1436.18 1425.74 1426.66 1406.34 1374.90 1369.14 1377.30 1385.28 1352.48
1663.77 1663.22 1661.31 1674.18 1684.76 1671.58 1683.16 1671.43 1702.22 1709.14 1688.03 1712.04 1698.39 1724.84 1725.33 1713.65 1721.45 1705.01 1727.38 1727.81 1714.10 1716.75 1726.63 1716.85 1722.78 1720.15 1725.82 1750.07 1753.90 1773.18 1757.54 1768.91 1776.89 1767.39 1760.36 1760.87 1778.68 1782.70 1745.73 1747.37 1763.58 1727.05 1745.57 1691.27 1705.57 1686.45 1663.15 1667.04 1666.54 1662.10 1645.12 1663.05 1622.96 1644.54 1590.26 1577.70 1578.71 1538.94 1526.18 1491.86 1502.67 1478.12 1465.16 1446.56 1404.60 1412.78 1388.15 1379.99 1370.59 1380.82 1367.43
1670.31 1697.15 1668.76 1673.86 1679.70 1668.67 1691.74 1654.72 1705.98 1679.57 1703.93 1724.60 1700.02 1735.80 1727.94 1755.20 1712.66 1755.90 1712.01 1728.05 1749.80 1726.20 1735.66 1720.76 1712.35 1755.55 1761.49 1761.06 1763.18 1756.95 1792.37 1782.67 1769.51 1781.70 1785.34 1780.23 1771.23 1762.39 1778.97 1762.41 1753.76 1721.62 1705.45 1727.42 1710.13 1686.99 1669.65 1677.21 1669.81 1656.33 1650.37 1662.80 1629.96 1607.08 1606.20 1599.79 1585.28 1555.74 1547.79 1504.68 1499.59 1478.63 1460.19 1451.91 1428.20 1432.75 1408.41 1404.33 1376.44 1378.81 1370.95
1684.56 1677.01 1700.28 1680.17 1667.82 1679.35 1679.98 1696.31 1705.68 1710.94 1730.20 1725.27 1745.02 1734.19 1745.99 1722.44 1729.21 1749.21 1742.60 1744.21 1747.21 1734.15 1725.55 1742.24 1761.83 1760.23 1763.85 1757.12 1767.72 1792.90 1785.15 1789.33 1785.12 1796.16 1815.84 1778.09 1782.85 1791.41 1777.98 1793.09 1764.93 1742.59 1723.31 1733.39 1703.45 1724.64 1705.36 1696.33 1694.12 1673.48 1664.00 1657.94 1633.51 1657.54 1635.64 1608.70 1605.92 1562.28 1550.45 1505.65 1517.06 1489.77 1464.29 1459.32 1446.83 1435.21 1448.62 1411.11 1379.56 1413.26 1382.36
1696.82 1656.79 1676.63 1684.35 1696.86 1701.30 1714.92 1696.22 1722.31 1717.88 1709.68 1728.27 1736.64 1750.26 1752.86 1735.46 1759.74 1743.48 1753.56 1754.16 1752.71 1735.08 1749.42 1758.42 1746.45 1754.32 1785.59 1766.28 1799.17 1813.13 1801.41 1812.67 1811.07 1802.84 1788.36 1799.07 1798.05 1777.83 1784.70 1759.02 1756.48 1765.29 1727.77 1741.57 1735.08 1729.39 1697.03 1708.92 1688.35 1709.73 1714.12 1684.79 1665.23 1636.95 1635.23 1617.10 1593.80 1574.99 1566.89 1520.11 1520.93 1505.01 1472.45 1479.31 1453.13 1426.20 1411.75 1416.90 1422.90 1413.25 1395.57
1696.28 1695.17 1692.94 1699.51 1699.08 1712.47 1714.72 1733.19 1702.40 1738.57 1733.85 1738.01 1736.35 1730.22 1751.20 1768.70 1763.74 1758.99 1746.06 1755.43 1738.89 1756.59 1744.47 1760.23 1746.76 1772.08 1759.09 1761.20 1767.91 1800.18 1800.49 1799.04 1799.22 1830.13 1813.26 1802.77 1808.76 1798.27 1789.66 1790.74 1779.08 1776.10 1749.43 1729.26 1728.50 1717.42 1736.21 1708.81 1717.22 1689.84 1695.26 1662.89 1662.05 1665.18 1633.37 1606.12 1588.49 1589.53 1555.47 1542.98 1521.17 1513.50 1475.30 1454.41 1446.77 1436.92 1432.45 1422.30 1416.36 1407.43 1402.04
1679.45 1719.77 1693.03 1700.02 1687.00 1706.92 1715.47 1727.54 1740.55 1735.46 1744.48 1749.20 1772.41 1751.16 1759.13 1776.92 1757.56 1770.05 1763.78 1768.17 1747.31 1765.37 1738.34 1770.56 1785.05 1752.73 1775.95 1774.62 1799.31 1798.60 1803.38 1805.69 1804.89 1835.85 1816.82 1810.54 1827.59 1824.43 1781.89 1790.18 1769.75 1771.96 1788.93 1752.44 1735.89 1729.54 1722.78 1720.45 1693.84 1699.68 1696.12 1684.66 1669.98 1649.62 1640.67 1620.68 1609.37 1588.55 1559.87 1564.87 1560.76 1529.31 1504.43 1473.25 1437.78 1431.28 1434.14 1436.88 1421.95 1386.54 1419.26
1690.45 1702.57 1694.85 1703.78 1708.07 1719.51 1713.87 1734.36 1721.50 1724.93 1745.39 1746.47 1757.63 1781.59 1765.18 1781.60 1777.14 1768.76 1767.43 1764.81 1790.05 1785.52 1767.24 1762.05 1774.80 1794.72 1788.40 1788.88 1789.51 1809.86 1812.35 1825.32 1806.36 1832.68 1828.43 1841.27 1818.86 1810.90 1796.09 1786.26 1784.94 1792.29 1787.13 1765.64 1757.58 1730.02 1739.45 1719.95 1725.45 1699.01 1686.25 1680.61 1672.82 1638.73 1651.58 1624.42 1629.29 1594.10 1588.14 1557.72 1536.88 1507.41 1492.52 1456.72 1444.48 1454.91 1426.88 1408.90 1417.36 1420.59 1388.57
1697.49 1710.55 1691.32 1704.51 1698.35 1742.77 1711.92 1704.12 1715.98 1704.20 1743.20 1737.66 1734.38 1770.54 1752.12 1766.43 1746.67 1741.18 1749.45 1776.58 1777.74 1760.50 1787.56 1771.24 1771.27 1767.46 1785.41 1790.82 1799.34 1791.92 1823.75 1799.93 1820.14 1837.73 1826.94 1805.16 1826.62 1804.06 1806.90 1798.11 1788.19 1775.80 1773.36 1767.04 1742.01 1761.35 1730.99 1699.66 1739.94 1719.01 1699.65 1693.10 1679.50 1651.38 1633.78 1646.28 1630.14 1584.42 1572.10 1544.69 1540.59 1527.07 1469.37 1463.32 1476.99 1454.95 1436.52 1400.02 1415.82 1404.77 1397.99
1695.28 1702.04 1701.93 1686.04 1713.08 1698.13 1709.97 1720.75 1713.49 1719.67 1737.62 1772.12 1726.33 1777.46 1761.91 1761.32 1766.73 1759.01 1762.72 1787.36 1759.80 1780.07 1772.49 1769.29 1771.28 1769.52 1782.94 1786.87 1786.70 1796.45 1821.79 1814.96 1829.35 1815.81 1840.81 1819.82 1828.49 1790.64 1805.88 1822.03 1799.43 1778.76 1763.36 1772.02 1751.11 1753.13 1743.13 1727.49 1689.87 1701.19 1708.63 1687.74 1650.69 1664.63 1648.40 1605.71 1606.20 1594.63 1558.12 1534.75 1538.60 1521.78 1497.88 1470.50 1463.77 1464.77 1414.00 1428.34 1421.20 1432.52 1415.07
1685.67 1692.22 1699.43 1686.86 1694.46 1712.84 1700.91 1690.35 1710.10 1736.80 1764.10 1733.06 1752.88 1757.74 1763.63 1759.54 1768.17 1767.14 1773.32 1756.89 1753.23 1768.85 1757.19 1753.07 1784.69 1790.19 1778.12 1784.98 1796.55 1811.98 1808.69 1816.53 1840.15 1827.18 1833.80 1845.21 1821.66 1813.20 1794.53 1782.93 1790.14 1771.60 1778.06 1769.99 1743.00 1742.65 1733.94 1721.72 1714.88 1698.86 1704.40 1693.54 1683.15 1654.25 1639.53 1630.77 1612.07 1584.73 1553.16 1555.99 1523.67 1500.93 1501.00 1478.54 1450.41 1438.94 1430.34 1412.57 1410.46 1393.56 1404.33
1701.77 1703.01 1688.94 1695.23 1696.95 1677.31 1697.40 1704.70 1730.80 1729.30 1741.92 1754.86 1730.14 1770.82 1763.56 1752.31 1787.87 1770.27 1776.77 1760.71 1774.45 1755.73 1767.67 1777.25 1775.68 1783.29 1790.81 1787.91 1780.16 1805.76 1818.09 1816.81 1820.71 1825.11 1829.33 1827.60 1801.98 1833.44 1798.89 1801.82 1782.85 1777.28 1782.21 1761.77 1752.40 1739.63 1731.87 1721.60 1712.11 1704.25 1698.63 1656.30 1684.90 1664.44 1665.47 1623.87 1612.53 1609.11 1570.96 1541.00 1549.86 1511.41 1504.03 1479.11 1454.04 1427.73 1436.54 1431.96 1422.08 1385.59 1399.65
1681.42 1673.61 1710.77 1696.40 1679.62 1708.81 1717.17 1718.86 1720.24 1731.74 1730.96 1738.43 1752.86 1761.42 1735.25 1761.03 1766.65 1774.54 1753.12 1748.47 1771.15 1792.88 1749.27 1787.46 1754.93 1756.81 1785.21 1801.72 1807.67 1804.00 1809.11 1795.02 1813.61 1851.16 1826.64 1838.05 1832.44 1824.32 1809.66 1789.10 1774.74 1774.18 1766.01 1758.68 1759.37 1718.22 1722.43 1727.24 1712.11 1726.54 1687.46 1667.30 1693.98 1668.15 1655.95 1615.01 1623.54 1592.22 1554.52 1569.85 1545.46 1502.31 1498.63 1452.08 1468.14 1443.47 1430.39 1400.14 1407.66 1417.90 1392.76
1687.22 1682.99 1701.04 1696.67 1689.52 1703.24 1701.27 1706.37 1719.49 1728.29 1745.20 1741.78 1756.06 1756.57 1763.89 1742.39 1770.73 1786.94 1741.17 1764.68 1752.49 1766.48 1755.44 1768.42 1791.32 1799.15 1804.22 1766.47 1806.51 1798.45 1805.87 1819.38 1819.25 1816.75 1833.08 1806.76 1813.11 1823.68 1800.77 1818.02 1808.56 1775.92 1742.69 1749.85 1722.76 1745.45 1722.08 1712.17 1722.32 1718.47 1712.05 1691.71 1664.41 1683.01 1627.26 1635.90 1610.22 1586.32 1573.02 1553.79 1513.50 1506.82 1498.60 1471.56 1447.79 1435.70 1433.60 1412.26 1402.90 1406.93 1395.86
1673.67 1687.36 1686.71 1704.43 1687.83 1687.71 1712.02 1720.97 1737.66 1725.99 1721.20 1740.95 1752.47 1751.84 1743.11 1770.82 1737.59 1771.14 1767.26 1748.23 1755.71 1772.66 1773.43 1742.24 1764.74 1766.46 1769.16 1809.78 1804.50 1817.95 1821.62 1824.91 1838.07 1833.63 1825.70 1818.96 1829.41 1819.26 1795.42 1820.58 1777.16 1754.80 1771.48 1752.11 1765.70 1733.25 1738.50 1709.28 1722.46 1712.65 1693.00 1674.14 1669.74 1677.35 1657.81 1635.11 1596.02 1577.20 1581.09 1559.56 1517.23 1503.96 1502.28 1467.92 1478.55 1434.50 1434.86 1461.71 1397.73 1388.85 1388.21
1696.51 1694.16 1679.03 1687.49 1696.78 1667.53 1717.68 1695.83 1722.54 1737.67 1721.56 1717.88 1749.14 1774.19 1750.55 1747.88 1777.24 1748.91 1766.98 1761.25 1769.87 1764.52 1777.19 1779.62 1779.63 1781.11 1784.38 1789.71 1780.95 1812.74 1816.17 1825.11 1846.07 1838.99 1817.81 1822.20 1833.77 1827.40 1821.33 1807.37 1796.50 1774.56 1773.45 1748.61 1784.77 1742.04 1726.72 1707.58 1724.28 1713.21 1678.27 1677.54 1637.15 1662.11 1656.02 1615.12 1594.82 1599.55 1592.05 1567.14 1514.01 1524.93 1496.30 1458.51 1469.04 1438.25 1439.05 1429.18 1402.01 1377.35 1401.84
1693.51 1685.70 1690.48 1689.76 1694.68 1684.52 1707.16 1710.91 1708.47 1723.91 1719.31 1746.73 1741.03 1777.66 1753.10 1759.13 1773.07 1774.96 1778.59 1774.65 1769.39 1767.84 1774.72 1761.22 1762.71 1789.52 1788.14 1802.09 1800.83 1820.35 1805.45 1834.82 1823.28 1832.11 1832.98 1831.06 1834.81 1822.38 1815.67 1826.52 1796.68 1805.22 1763.18 1751.04 1762.95 1770.82 1760.86 1710.95 1720.94 1720.04 1697.52 1680.42 1679.31 1664.05 1664.61 1626.57 1643.89 1590.63 1596.49 1570.84 1503.60 1523.47 1498.48 1476.84 1458.74 1444.11 1429.25 1431.74 1398.80 1396.60 1378.09
1682.63 1699.54 1697.86 1700.66 1670.54 1710.05 1679.59 1695.31 1719.75 1730.22 1750.57 1750.78 1739.11 1762.34 1762.32 1756.40 1760.26 1782.26 1770.19 1781.40 1772.37 1776.03 1759.90 1776.33 1792.24 1793.06 1790.88 1805.85 1801.32 1809.35 1838.52 1827.50 1856.19 1856.01 1839.31 1848.21 1850.10 1829.09 1839.52 1813.60 1779.72 1784.85 1792.53 1780.25 1755.20 1753.47 1767.22 1724.90 1725.95 1744.22 1717.80 1714.68 1683.32 1677.16 1664.04 1628.17 1641.29 1598.23 1570.30 1568.93 1532.08 1503.97 1501.35 1468.83 1489.19 1460.55 1441.05 1407.59 1407.31 1421.10 1406.31
1689.99 1701.53 1700.53 1696.06 1706.88 1684.56 1710.16 1723.13 1723.67 1733.11 1744.22 1718.19 1762.85 1759.98 1783.53 1774.77 1786.94 1775.50 1764.30 1754.45 1769.53 1777.94 1773.46 1766.34 1790.63 1784.50 1795.80 1791.55 1821.07 1831.62 1842.28 1832.47 1841.09 1838.23 1838.13 1846.27 1842.55 1835.67 1821.60 1802.80 1781.38 1795.94 1801.31 1765.28 1766.18 1754.15 1721.54 1736.61 1742.08 1727.18 1727.96 1710.03 1662.26 1682.90 1657.37 1624.33 1621.77 1627.39 1566.98 1541.85 1559.70 1511.63 1520.14 1469.07 1465.05 1441.79 1429.99 1438.04 1442.09 1397.00 1414.69
1690.51 1695.47 1694.33 1691.29 1695.59 1705.95 1698.10 1724.57 1713.72 1744.72 1716.87 1763.83 1765.24 1761.37 1757.66 1785.55 1769.81 1793.69 1765.01 1780.02 1774.28 1790.91 1773.65 1781.22 1817.79 1782.72 1808.03 1794.29 1822.62 1797.50 1820.59 1827.42 1827.86 1859.60 1832.16 1858.74 1827.67 1826.79 1825.73 1809.82 1807.75 1797.63 1803.86 1783.59 1753.26 1741.90 1760.29 1709.31 1740.85 1731.68 1696.81 1696.42 1695.46 1686.72 1659.96 1656.03 1632.78 1610.68 1615.96 1569.04 1544.70 1530.85 1518.40 1480.47 1472.97 1456.50 1454.48 1443.93 1418.37 1401.40 1411.23
1677.59 1700.36 1696.54 1692.31 1697.99 1690.60 1710.95 1711.66 1723.00 1737.42 1752.34 1745.12 1756.97 1782.93 1786.74 1772.48 1796.94 1769.49 1790.62 1763.15 1781.08 1782.67 1780.59 1774.44 1786.07 1812.96 1814.42 1805.17 1789.08 1834.46 1846.70 1815.21 1858.34 1846.39 1848.75 1857.44 1834.33 1827.68 1826.04 1837.80 1815.52 1801.44 1792.63 1789.56 1786.63 1760.43 1747.21 1749.62 1725.63 1736.66 1737.35 1711.49 1704.32 1672.97 1664.35 1655.68 1631.36 1618.52 1594.40 1582.06 1556.29 1513.13 1515.80 1476.86 1476.91 1459.98 1447.27 1444.18 1432.14 1426.30 1405.24
