random_dem_500x500.asc
ncols         500
nrows         500
xllcorner     0.0
yllcorner     0.0
cellsize      30
NODATA_value  -9999
[rows 96 to 127 of 500, columns 142 to 212 of 500]
1223.39 1234.18 1238.39 1207.66 1206.73 1206.31 1207.17 1174.50 1194.04 1172.32 1163.20 1157.87 1141.89 1153.62 1142.87 1142.17 1131.20 1150.71 1145.40 1117.72 1130.72 1135.20 1135.61 1121.55 1128.62 1109.34 1088.17 1090.47 1066.41 1072.88 1033.12 1023.17 1024.64 1036.47 999.63 1010.00 1010.94 1005.08 1038.65 1004.92 1002.33 1013.16 1005.17 1011.34 1012.24 1002.64 994.36 986.61 1019.92 1004.75 996.81 1009.40 980.60 997.97 1007.79 1012.29 1039.53 1026.49 1052.07 1067.79 1082.59 1079.81 1102.55 1090.84 1093.27 1074.97 1092.74 1112.84 1103.55 1098.58 1097.40
1205.86 1213.31 1213.39 1199.11 1191.18 1199.61 1199.94 1169.90 1164.48 1155.57 1162.41 1164.05 1156.65 1130.16 1105.29 1131.17 1107.46 1140.37 1138.44 1095.51 1128.96 1111.04 1120.01 1099.73 1098.79 1087.95 1085.42 1034.62 1072.81 1043.45 1030.48 1035.85 1004.56 1018.59 997.57 1022.64 979.03 994.76 988.39 984.40 986.79 1011.19 1005.93 983.45 999.21 987.76 992.79 1006.43 1001.60 990.06 979.47 973.90 974.47 979.63 988.63 987.91 1021.67 1019.29 1021.20 1040.35 1042.64 1063.81 1055.08 1090.88 1083.17 1076.78 1077.29 1067.49 1068.13 1077.46 1099.47
1200.92 1231.98 1203.88 1195.87 1197.44 1199.03 1179.06 1157.09 1146.13 1167.16 1132.27 1123.59 1129.31 1129.26 1119.18 1136.38 1123.45 1123.54 1105.92 1089.55 1097.36 1141.85 1117.31 1092.21 1093.53 1070.21 1079.26 1040.50 1045.14 1047.10 1026.65 1019.25 995.18 985.86 990.61 985.18 994.88 965.54 971.65 980.82 990.33 986.72 975.51 988.53 999.62 964.40 985.74 986.28 958.35 993.40 951.95 998.57 973.02 994.62 985.92 980.23 988.51 1011.02 996.31 1046.08 1041.20 1040.06 1042.95 1049.23 1060.27 1074.51 1085.83 1078.52 1060.99 1085.43 1050.96
1195.16 1191.09 1171.70 1169.55 1170.28 1185.89 1162.52 1138.98 1134.11 1140.57 1106.30 1120.70 1092.31 1106.01 1129.57 1120.90 1093.50 1118.07 1093.05 1088.32 1102.92 1116.16 1099.57 1075.60 1067.37 1051.90 1057.70 1045.41 1045.32 1028.61 1012.92 997.94 953.13 979.84 976.04 987.16 952.48 951.40 953.56 988.22 949.82 972.23 979.86 991.28 961.89 957.84 957.91 958.84 967.82 968.99 963.42 951.61 944.80 941.93 953.81 974.57 971.18 991.72 985.09 1051.62 1018.50 1043.15 1062.24 1054.37 1066.53 1048.74 1079.01 1068.69 1050.15 1045.99 1050.11
1170.79 1176.14 1179.99 1160.47 1153.95 1147.58 1134.13 1146.62 1100.28 1110.96 1105.59 1115.33 1107.51 1115.94 1092.03 1101.00 1087.62 1069.70 1092.11 1100.62 1092.80 1071.54 1071.87 1080.25 1072.61 1046.17 1008.70 1018.96 1027.74 1015.73 1009.08 1000.12 959.61 985.40 956.08 944.56 947.21 960.18 973.23 955.45 951.95 957.83 976.02 968.08 953.80 953.81 950.56 937.73 960.40 945.70 924.74 942.32 963.01 945.70 948.89 972.84 978.85 971.77 991.36 1004.57 998.39 1047.54 1026.58 1027.01 1055.75 1043.30 1052.15 1046.63 1051.86 1037.79 1051.10
1163.83 1162.29 1152.14 1157.82 1153.13 1139.44 1134.23 1119.58 1126.20 1106.83 1105.33 1107.49 1077.71 1080.03 1077.20 1111.70 1089.94 1087.83 1065.70 1089.10 1070.57 1059.57 1060.97 1076.08 1056.82 1047.51 1042.20 996.23 995.08 1008.04 993.58 980.15 972.75 941.13 966.33 954.83 954.59 950.83 948.38 957.15 955.52 951.43 947.08 933.00 935.14 960.94 940.23 937.07 952.07 958.01 933.73 944.18 963.50 935.23 955.32 962.88 986.55 982.30 976.15 997.45 1021.03 997.70 1024.92 1015.77 1051.60 1043.57 1027.34 1041.84 1029.05 1031.45 1044.47
1157.31 1134.48 1143.52 1148.01 1123.19 1125.12 1099.84 1103.51 1101.33 1084.49 1085.46 1108.65 1100.54 1067.32 1072.87 1069.49 1067.65 1089.63 1058.99 1077.59 1053.08 1059.58 1073.84 1055.59 1044.24 1025.07 1032.82 1041.68 1013.04 980.92 982.35 977.35 973.52 978.71 951.65 943.03 941.01 941.07 946.21 941.80 946.56 940.47 958.98 942.63 950.00 927.08 926.70 940.56 920.02 923.52 933.10 939.93 917.01 930.12 953.26 954.19 963.14 960.98 979.64 974.82 997.98 989.52 1028.21 1009.92 1023.00 1012.45 1016.90 1035.17 1026.18 1023.93 1020.78
1154.87 1133.88 1155.36 1140.50 1110.94 1132.71 1119.91 1108.72 1098.19 1083.14 1085.82 1047.85 1079.07 1071.29 1070.83 1067.76 1068.33 1047.95 1068.35 1054.01 1065.09 1042.05 1049.03 1060.96 1018.87 1024.43 1018.40 997.63 980.72 972.41 970.47 947.47 975.36 948.76 944.01 934.77 957.52 951.14 923.08 930.38 945.52 956.02 901.33 954.01 957.27 930.26 934.70 895.29 929.93 913.73 943.38 923.28 909.06 942.22 928.74 959.89 974.11 968.90 980.68 990.10 988.23 1019.89 1015.52 1009.92 1022.84 1014.75 1014.93 1034.37 1042.40 1022.82 1008.41
1151.30 1163.91 1120.17 1120.22 1125.71 1115.26 1116.99 1106.22 1102.83 1084.89 1073.27 1079.55 1073.14 1046.29 1050.76 1050.19 1054.13 1053.44 1059.15 1052.31 1046.88 1046.49 1028.01 1034.94 1042.64 1002.33 1026.80 1000.58 983.61 964.65 979.56 942.84 941.06 923.55 954.97 926.78 917.96 914.92 911.01 940.78 911.82 925.24 935.71 928.53 931.36 935.75 927.27 933.01 909.28 903.49 928.30 921.80 914.23 918.35 942.98 944.10 962.87 950.05 1001.77 1002.74 999.09 1004.14 1009.75 1022.70 1020.33 1029.64 1027.45 1017.39 1016.07 1018.83 1017.47
1118.41 1103.91 1131.62 1136.79 1127.16 1107.93 1115.48 1114.35 1090.11 1099.65 1089.80 1064.14 1045.43 1076.94 1058.55 1052.95 1078.74 1030.50 1030.93 1042.84 1043.52 1047.86 1013.54 1029.15 1023.35 1013.22 1006.38 979.73 970.96 973.37 939.61 934.21 956.78 927.71 924.79 930.01 932.20 941.69 930.36 948.06 913.47 917.76 926.83 917.19 923.50 930.62 939.60 940.50 942.14 909.07 885.28 917.39 899.45 921.52 938.12 925.78 924.74 952.78 970.10 969.66 976.81 987.79 1008.72 1005.23 988.71 1026.86 1022.64 1034.95 1019.39 984.11 1004.65
1117.61 1131.87 1138.83 1123.43 1134.62 1099.28 1113.00 1083.11 1086.39 1081.88 1062.35 1065.45 1026.68 1040.95 1023.06 1034.14 1034.10 1029.41 1034.94 1018.12 1036.93 1046.35 1031.47 1006.52 1020.73 1004.12 1020.34 984.05 966.81 959.07 949.67 964.90 949.62 930.94 923.47 932.58 930.10 920.65 909.75 927.55 907.48 914.92 932.87 920.22 906.95 907.37 920.04 906.91 927.95 887.18 895.57 929.15 905.80 906.18 937.23 931.83 949.89 946.06 971.66 952.40 987.86 980.69 975.04 1006.64 1003.74 1016.94 988.42 1028.83 1019.63 1003.40 1018.66
1101.24 1103.74 1101.90 1126.25 1088.38 1109.38 1067.16 1098.15 1058.94 1057.74 1050.38 1065.01 1043.99 1036.49 1046.78 1033.23 1023.42 1038.04 1023.02 1036.84 1016.25 1026.08 1026.28 1011.91 1017.59 1003.54 1017.70 1008.69 977.31 945.03 945.84 939.89 921.12 939.12 901.09 924.35 905.36 908.47 908.03 899.35 906.34 918.79 906.24 901.83 916.95 923.66 902.48 909.73 898.31 898.99 906.41 893.60 906.72 907.85 909.50 896.09 916.75 948.64 950.85 952.53 982.86 973.16 983.61 993.40 1020.38 982.59 1024.43 1005.09 1019.51 995.41 997.96
1124.64 1107.16 1096.25 1091.66 1100.81 1088.14 1085.49 1079.38 1074.58 1057.02 1036.93 1032.86 1022.13 1020.21 1043.47 1047.14 1021.11 1028.34 1035.35 1040.82 1005.98 1031.85 1027.94 1001.10 996.39 999.24 982.66 952.99 959.99 952.05 932.45 942.19 929.17 893.98 907.23 901.52 900.41 909.19 892.94 888.13 894.45 908.67 897.18 900.22 903.98 921.95 901.69 910.52 917.28 913.88 884.01 906.79 916.80 894.92 877.83 901.23 930.67 936.49 948.07 969.63 959.30 977.77 977.57 977.44 1003.38 997.83 1008.00 1003.05 994.98 997.17 989.24
1098.03 1103.35 1113.68 1084.12 1087.40 1077.51 1076.94 1050.46 1055.76 1055.93 1024.12 1045.81 1027.00 1016.11 1022.71 1009.56 1016.11 1000.94 1015.99 1016.72 1008.11 1000.11 1002.91 997.41 1005.25 998.10 969.47 950.83 937.17 938.32 949.18 926.29 916.03 918.88 907.90 890.87 892.25 888.24 892.97 880.10 885.39 898.51 876.04 867.63 892.17 891.55 891.87 865.61 893.91 885.98 878.74 871.82 904.98 903.84 887.67 891.26 932.26 923.75 944.45 951.69 967.65 969.13 968.34 987.67 973.18 984.57 994.40 1001.69 987.91 1012.57 972.08
1072.55 1085.28 1064.32 1083.39 1101.30 1055.65 1068.80 1050.05 1023.73 1015.49 1029.16 1012.92 1026.39 1007.02 1010.79 1024.06 986.28 1013.04 1029.10 1004.28 988.24 1016.10 1001.43 1034.91 974.42 980.08 956.60 975.46 956.73 951.64 918.20 933.61 892.84 917.21 871.61 883.90 889.95 888.79 883.77 895.28 865.81 873.76 893.11 897.83 895.37 869.59 892.73 871.78 863.57 888.29 868.37 885.97 877.39 870.78 886.12 886.22 905.67 911.49 927.59 946.33 951.73 961.56 964.62 979.35 974.23 994.79 996.07 1008.31 986.29 975.41 975.64
1074.07 1073.36 1090.57 1087.83 1063.09 1044.99 1043.22 1058.22 1054.06 1002.66 1011.25 1023.79 1017.20 1008.57 1008.72 980.85 999.51 970.55 998.10 984.35 956.50 981.00 979.39 995.96 979.65 955.47 939.21 937.08 915.15 898.39 903.48 896.59 901.36 885.30 872.36 855.72 866.23 880.05 861.88 882.54 883.74 880.86 876.07 864.41 888.28 874.31 865.01 875.65 874.54 883.07 852.01 865.87 858.48 862.85 876.36 889.12 893.75 897.43 898.35 927.41 935.68 930.01 967.52 957.00 981.02 983.72 988.58 956.87 965.07 969.76 968.28
1070.28 1060.62 1073.61 1040.41 1050.56 1060.86 1049.82 1020.89 1032.09 998.81 988.16 986.79 1000.41 964.93 986.08 1003.18 966.35 999.40 971.64 972.28 964.11 968.66 979.72 962.32 952.50 939.26 948.22 937.25 918.85 868.60 885.20 896.02 874.29 874.06 870.17 878.55 850.33 856.57 844.22 856.18 852.59 861.38 872.20 873.30 860.39 855.46 840.44 831.22 850.72 861.15 854.85 860.10 842.82 856.13 857.84 869.99 889.23 904.59 896.24 906.36 906.27 942.87 943.03 964.69 946.20 970.66 988.84 950.48 950.36 954.57 949.53
1048.97 1061.71 1050.11 1022.31 1057.65 1030.19 1041.27 997.75 1013.90 980.70 978.83 965.01 980.25 970.50 951.44 967.57 971.36 959.07 935.68 974.47 950.30 951.11 944.88 961.88 953.07 940.47 944.24 937.15 897.37 881.91 872.51 884.01 879.53 859.23 834.49 833.35 854.47 851.11 845.56 841.38 835.73 839.20 842.33 848.79 854.91 841.75 814.30 857.96 844.05 850.06 857.98 820.74 812.97 857.42 863.64 882.64 869.42 893.15 917.46 893.55 910.37 909.22 935.41 909.64 952.72 941.69 936.09 952.01 937.45 947.47 942.63
1026.79 1022.45 1047.14 1046.40 1026.18 1018.17 1013.84 990.51 970.30 982.37 983.65 965.30 991.24 943.88 954.49 951.66 962.77 957.75 953.82 962.61 961.20 973.26 950.22 914.32 933.94 929.04 928.99 894.29 888.37 897.29 868.33 868.02 836.41 840.59 847.27 841.80 845.29 835.55 832.10 838.58 811.73 834.27 829.11 833.21 848.35 831.03 825.91 834.31 821.38 829.84 837.60 808.44 839.19 836.78 828.37 858.72 884.07 858.25 885.88 911.99 902.30 900.13 910.01 919.77 927.30 947.41 929.68 942.07 919.59 907.84 937.63
1032.48 1011.37 1000.14 1021.52 1011.09 1016.03 988.43 996.53 985.38 958.31 973.34 986.80 936.59 926.33 957.96 952.35 943.95 942.86 945.41 953.09 958.99 954.18 936.94 922.60 915.82 910.92 897.37 868.19 885.30 864.58 876.10 857.81 836.75 837.80 835.46 831.97 810.20 823.38 828.94 849.35 823.00 818.04 846.74 821.34 816.52 821.56 813.49 833.04 811.41 816.89 819.29 820.93 826.22 822.03 817.09 838.85 867.27 870.57 884.43 891.69 902.57 907.63 912.50 924.77 931.20 925.71 920.40 925.64 938.68 917.06 921.63
1010.31 1016.25 1016.14 977.13 1008.22 989.85 984.84 1002.09 957.38 961.75 955.19 949.38 939.84 948.36 959.56 936.59 933.56 936.69 930.90 935.89 909.65 934.63 933.21 919.58 888.49 933.08 881.78 872.67 874.62 859.24 852.44 830.74 833.03 808.37 801.39 805.65 824.51 822.61 804.23 798.25 833.28 807.94 809.68 836.76 808.30 837.84 828.36 826.77 826.59 797.63 798.44 816.19 811.99 820.77 811.08 833.89 840.90 862.33 850.97 870.08 892.30 895.27 896.07 890.56 907.31 913.13 933.48 925.94 914.14 927.22 906.48
1009.30 995.64 1002.60 1007.21 993.23 1005.32 970.41 950.11 931.31 947.35 940.42 931.29 940.00 925.66 919.72 929.09 938.20 928.69 931.23 918.03 916.42 917.48 924.81 907.89 894.92 895.46 911.51 890.35 854.75 858.60 837.83 855.09 817.75 823.84 818.98 812.28 823.51 798.95 797.82 783.07 796.61 833.63 780.28 801.73 789.26 823.88 792.06 796.70 812.77 810.41 788.84 779.66 777.17 812.91 803.07 804.49 847.12 818.60 850.88 866.29 879.02 899.51 895.14 899.49 905.02 908.65 908.32 898.62 885.82 881.48 881.11
974.08 984.55 990.23 965.93 990.29 973.76 951.78 966.09 972.00 937.67 926.69 912.67 953.37 915.44 918.05 901.78 929.12 905.48 908.93 919.07 916.14 912.88 905.85 907.09 900.81 893.23 875.07 864.40 863.93 843.37 838.72 822.64 790.81 837.58 803.74 803.45 817.63 795.85 793.09 804.67 797.89 808.26 822.86 813.94 805.82 819.74 798.65 811.18 802.59 786.80 807.86 802.30 821.21 825.16 807.68 835.24 834.02 845.02 841.68 870.63 872.05 872.82 889.56 901.86 881.55 904.93 905.32 883.26 911.63 902.93 927.17
986.48 993.95 983.36 967.07 995.13 971.85 963.84 933.86 951.70 933.25 950.67 924.93 932.87 919.90 906.28 908.33 906.87 907.12 906.68 917.45 919.59 950.92 899.67 901.18 908.08 888.04 875.27 882.23 851.51 864.77 834.61 849.28 814.75 812.28 798.86 799.36 805.97 803.62 792.49 800.97 808.84 822.19 798.36 800.43 796.52 806.64 805.28 795.08 790.87 815.17 780.73 786.74 799.23 825.02 823.51 825.73 826.81 844.01 837.81 845.20 864.17 877.47 885.41 890.41 906.32 907.50 897.65 898.92 891.13 925.11 903.82
995.31 986.97 953.36 994.49 975.79 986.94 980.68 968.64 965.06 942.95 915.22 895.34 901.62 920.44 920.53 936.36 923.94 936.63 902.25 897.69 908.01 894.90 916.28 898.14 892.44 892.71 880.69 854.54 856.61 828.57 832.13 803.43 832.04 811.63 795.03 804.78 794.95 792.33 791.08 803.70 786.51 802.99 823.26 799.20 809.58 792.17 793.05 775.18 790.07 788.32 804.86 781.49 781.64 813.75 811.71 800.90 830.55 849.39 860.80 856.75 864.51 852.99 887.78 890.58 903.78 902.32 902.23 897.27 909.82 887.45 922.28
989.82 993.39 972.98 964.03 966.70 986.65 968.51 951.07 963.40 938.20 930.50 928.56 922.95 937.86 895.33 919.84 891.34 917.35 917.31 920.20 876.99 906.49 912.77 909.86 894.84 875.43 869.61 873.75 852.17 856.27 828.93 807.17 822.23 788.02 816.22 803.28 815.95 799.33 786.02 790.12 805.18 788.21 811.30 805.33 789.44 818.46 800.63 810.35 780.69 785.18 787.68 794.67 816.51 813.48 809.89 823.51 842.04 841.16 836.55 848.32 889.20 912.59 881.06 896.87 915.67 904.02 877.29 908.85 892.08 895.90 915.13
998.15 983.43 995.85 972.03 957.03 961.31 969.21 980.34 938.27 942.96 903.42 917.52 923.59 919.37 917.83 924.51 904.87 904.37 930.88 914.95 916.23 917.59 903.21 913.13 910.91 882.26 875.28 885.79 855.11 827.37 836.91 808.90 824.50 826.17 818.31 809.79 802.04 814.11 811.42 803.04 821.13 788.94 816.91 823.21 800.42 815.30 795.83 813.83 800.83 828.19 812.05 792.10 780.97 808.67 817.16 820.57 841.45 853.67 845.84 862.98 883.38 896.65 906.27 922.15 908.12 906.16 906.76 902.37 905.27 925.77 908.77
995.81 986.69 978.68 990.73 975.83 987.44 980.05 977.09 969.12 971.50 951.86 945.20 930.78 930.52 918.40 917.79 926.97 900.07 916.31 925.67 901.88 926.51 922.25 926.36 890.87 898.62 880.50 865.73 859.09 853.78 827.11 831.33 833.15 824.96 805.29 835.53 806.00 823.37 786.60 803.83 807.17 808.47 825.68 815.60 792.05 805.74 815.30 819.14 806.04 809.35 801.90 802.39 797.80 803.95 788.85 799.46 841.01 834.45 867.87 843.35 864.86 882.50 884.98 900.83 903.93 912.98 905.48 893.25 916.66 908.05 920.41
985.72 998.94 987.78 977.27 1000.55 966.96 970.20 973.05 966.37 960.36 966.67 912.31 928.51 909.64 930.27 934.00 929.41 925.51 897.18 923.30 914.39 917.46 923.88 896.24 899.04 887.98 888.09 868.50 850.40 858.24 840.55 828.74 829.58 799.29 830.32 809.16 805.16 798.66 800.29 831.92 783.51 802.61 804.29 811.77 812.47 817.13 800.74 807.98 795.60 822.90 808.50 835.80 809.87 802.83 826.72 828.09 841.09 851.84 881.53 865.52 886.98 889.56 908.80 907.93 904.82 933.34 919.75 924.42 912.86 902.02 916.35
1002.74 1022.07 1002.78 995.05 1002.58 995.62 970.00 965.06 973.40 956.20 952.35 951.95 929.26 916.85 928.86 908.95 927.97 937.80 924.08 937.73 917.75 932.75 932.79 899.27 902.30 888.18 869.01 910.16 867.91 839.49 836.42 853.82 807.99 825.02 804.55 793.41 808.85 815.35 775.43 823.50 855.37 818.12 832.12 807.32 837.31 824.36 798.20 826.70 829.58 789.73 829.79 827.12 814.16 820.83 824.28 834.78 865.96 858.92 892.18 879.07 864.20 900.85 911.26 884.03 910.62 910.42 927.72 918.42 915.01 920.80 903.75
1008.72 979.46 992.51 976.30 978.20 974.90 979.58 958.82 968.26 955.23 957.74 964.79 906.67 915.05 934.03 929.41 935.84 923.96 945.27 907.34 916.27 914.29 908.69 910.20 882.73 907.91 894.66 865.70 859.83 846.22 846.05 844.21 808.59 824.29 831.60 829.83 811.06 795.36 803.01 828.52 791.75 841.55 809.20 821.61 817.43 810.41 803.97 835.43 831.48 824.26 810.98 824.96 811.22 819.15 822.29 844.43 857.93 851.52 859.67 869.40 895.46 879.58 905.28 909.18 917.61 913.50 934.80 911.42 926.62 911.77 932.55
993.38 996.91 1003.89 995.90 985.44 971.09 961.49 963.11 956.82 956.11 929.94 942.94 914.42 943.41 920.31 925.70 912.60 920.86 924.82 922.78 922.50 942.34 902.35 897.22 920.98 884.79 888.77 873.13 841.47 876.42 863.59 824.23 833.37 807.60 821.46 817.29 826.35 815.21 823.26 814.10 820.23 812.18 834.19 835.13 805.43 813.50 826.61 845.34 815.84 819.48 811.45 825.20 828.72 820.74 837.95 855.69 842.11 851.63 879.17 907.33 891.54 902.17 915.87 915.74 904.36 934.65 937.60 936.40 925.96 926.71 940.72
